{
  "Live": 0.00000000001043,
  "Minute": 0.00000000001043,
  "Minute_Fluctuation": 0.018554687499999979,
  "Minute_5": 0.00000000001043,
  "Minute_5_Fluctuation": 0.018554687499999979,
  "Minute_10": 0.00000000001043,
  "Minute_10_Fluctuation": 0.018554687499999979,
  "Hour": 0.00000000001043,
  "Hour_Fluctuation": 0.018554687499999979,
  "Day": 0.00000000001043,
  "Day_Fluctuation": 0.018554687499999979,
  "Week": 0.0000000000104298665963285,
  "Week_Fluctuation": 0.018791820743176483,
  "Duration": "2.00:01:00.7061876",
  "Updated": "2017-12-14T23:17:58.2062363Z"
}
