{
  "Live": 0.0000000000764,
  "Minute": 0.0000000000764,
  "Minute_Fluctuation": 0.42072939570854495,
  "Minute_5": 0.0000000000764,
  "Minute_5_Fluctuation": 0.42072939570854495,
  "Minute_10": 0.0000000000764,
  "Minute_10_Fluctuation": 0.42072939570854495,
  "Hour": 0.0000000000764,
  "Hour_Fluctuation": 0.42072939570854495,
  "Day": 0.0000000000764,
  "Day_Fluctuation": 0.42072939570854495,
  "Week": 0.0000000000764389608933174,
  "Week_Fluctuation": 0.42095483565636294,
  "Duration": "2.00:01:00.7061876",
  "Updated": "2017-12-14T23:17:59.5926227Z"
}
