{
  "Live": 0.00000000000065,
  "Minute": 0.00000000000065,
  "Minute_Fluctuation": 0.35416666666666685,
  "Minute_5": 0.00000000000065,
  "Minute_5_Fluctuation": 0.35416666666666685,
  "Minute_10": 0.00000000000065,
  "Minute_10_Fluctuation": 0.35416666666666685,
  "Hour": 0.00000000000065,
  "Hour_Fluctuation": 0.35416666666666685,
  "Day": 0.00000000000065,
  "Day_Fluctuation": 0.35416666666666685,
  "Week": 0.000000000000649880638820257,
  "Week_Fluctuation": 0.35393293636319556,
  "Duration": "2.00:01:00.7061876",
  "Updated": "2017-12-14T23:17:58.8092256Z"
}
