{
  "Live": 0.00000000001268,
  "Minute": 0.00000000001268,
  "Minute_Fluctuation": 0.64461738002594038,
  "Minute_5": 0.00000000001268,
  "Minute_5_Fluctuation": 0.64461738002594038,
  "Minute_10": 0.00000000001268,
  "Minute_10_Fluctuation": 0.64461738002594038,
  "Hour": 0.00000000001268,
  "Hour_Fluctuation": 0.64461738002594038,
  "Day": 0.00000000001268,
  "Day_Fluctuation": 0.64461738002594038,
  "Week": 0.000000000012676510440804,
  "Week_Fluctuation": 0.64457428773551617,
  "Duration": "2.00:01:00.7061876",
  "Updated": "2017-12-14T23:17:58.6571072Z"
}
