{
  "Live": 0.00000000002429,
  "Minute": 0.00000000002429,
  "Minute_Fluctuation": 0.12714617169373557,
  "Minute_5": 0.00000000002429,
  "Minute_5_Fluctuation": 0.12714617169373557,
  "Minute_10": 0.00000000002429,
  "Minute_10_Fluctuation": 0.12714617169373557,
  "Hour": 0.00000000002429,
  "Hour_Fluctuation": 0.12714617169373557,
  "Day": 0.00000000002429,
  "Day_Fluctuation": 0.12714617169373557,
  "Week": 0.0000000000242880761786324,
  "Week_Fluctuation": 0.12709322193750081,
  "Duration": "2.00:01:00.7061876",
  "Updated": "2017-12-14T23:17:57.1306456Z"
}
