{
  "Live": 0.00000000030014,
  "Minute": 0.00000000030014,
  "Minute_Fluctuation": 0.0332409972299168,
  "Minute_5": 0.00000000030014,
  "Minute_5_Fluctuation": 0.0332409972299168,
  "Minute_10": 0.00000000030014,
  "Minute_10_Fluctuation": 0.0332409972299168,
  "Hour": 0.00000000030014,
  "Hour_Fluctuation": 0.0332409972299168,
  "Day": 0.00000000030014,
  "Day_Fluctuation": 0.0332409972299168,
  "Week": 0.000000000300147245925735,
  "Week_Fluctuation": 0.03328212972587187,
  "Duration": "2.00:01:00.7061876",
  "Updated": "2017-12-14T23:17:58.0580616Z"
}
