{
  "Live": 0.00000000000002145,
  "Minute": 0.00000000000002145,
  "Minute_Fluctuation": 0.0027894002789401098,
  "Minute_5": 0.00000000000002145,
  "Minute_5_Fluctuation": 0.0027894002789401098,
  "Minute_10": 0.00000000000002145,
  "Minute_10_Fluctuation": 0.0027894002789401098,
  "Hour": 0.00000000000002145,
  "Hour_Fluctuation": 0.0027894002789401098,
  "Day": 0.00000000000002145,
  "Day_Fluctuation": 0.0027894002789401098,
  "Week": 0.0000000000000214500421274752,
  "Week_Fluctuation": 0.0030937933020076941,
  "Duration": "2.00:01:00.7061876",
  "Updated": "2017-12-14T23:17:56.4892549Z"
}
