{
  "Live": 0.00000000000086,
  "Minute": 0.00000000000086,
  "Minute_Fluctuation": 0.11340206185566995,
  "Minute_5": 0.00000000000086,
  "Minute_5_Fluctuation": 0.11340206185566995,
  "Minute_10": 0.00000000000086,
  "Minute_10_Fluctuation": 0.11340206185566995,
  "Hour": 0.00000000000086,
  "Hour_Fluctuation": 0.11340206185566995,
  "Day": 0.00000000000086,
  "Day_Fluctuation": 0.11340206185566995,
  "Week": 0.00000000000086007723370454,
  "Week_Fluctuation": 0.11347164095453494,
  "Duration": "2.00:01:00.7061876",
  "Updated": "2017-12-14T23:17:57.9064462Z"
}
