{
  "Live": 0.00000000001188,
  "Minute": 0.00000000001188,
  "Minute_Fluctuation": 0.18685831622176582,
  "Minute_5": 0.00000000001188,
  "Minute_5_Fluctuation": 0.18685831622176582,
  "Minute_10": 0.00000000001188,
  "Minute_10_Fluctuation": 0.18685831622176582,
  "Hour": 0.00000000001188,
  "Hour_Fluctuation": 0.18685831622176582,
  "Day": 0.00000000001188,
  "Day_Fluctuation": 0.18685831622176582,
  "Week": 0.0000000000118819168001218,
  "Week_Fluctuation": 0.1868805434593605,
  "Duration": "2.00:01:00.7061876",
  "Updated": "2017-12-14T23:17:56.6695925Z"
}
