{
  "Live": 0.000000000002,
  "Minute": 0.000000000002,
  "Minute_Fluctuation": 0.0,
  "Minute_5": 0.000000000002,
  "Minute_5_Fluctuation": 0.0,
  "Minute_10": 0.000000000002,
  "Minute_10_Fluctuation": 0.0,
  "Hour": 0.000000000002,
  "Hour_Fluctuation": 0.0,
  "Day": 0.000000000002,
  "Day_Fluctuation": 0.0,
  "Week": 0.000000000002,
  "Week_Fluctuation": 0.00073078273312300786,
  "Duration": "2.00:01:00.7061876",
  "Updated": "2017-12-14T23:17:59.1057687Z"
}
