{
  "Live": 0.00000000711472,
  "Minute": 0.00000000711472,
  "Minute_Fluctuation": 0.55867715793032224,
  "Minute_5": 0.00000000711472,
  "Minute_5_Fluctuation": 0.55867715793032224,
  "Minute_10": 0.00000000711472,
  "Minute_10_Fluctuation": 0.55867715793032224,
  "Hour": 0.00000000711472,
  "Hour_Fluctuation": 0.55867715793032224,
  "Day": 0.00000000711472,
  "Day_Fluctuation": 0.55867715793032224,
  "Week": 0.00000000712104377636654,
  "Week_Fluctuation": 0.5620864552351782,
  "Duration": "2.00:01:00.7061876",
  "Updated": "2017-12-14T23:17:57.7498802Z"
}
