{
  "Live": 0.00000000000229,
  "Minute": 0.00000000000229,
  "Minute_Fluctuation": 0.16423357664233573,
  "Minute_5": 0.00000000000229,
  "Minute_5_Fluctuation": 0.16423357664233573,
  "Minute_10": 0.00000000000229,
  "Minute_10_Fluctuation": 0.16423357664233573,
  "Hour": 0.00000000000229,
  "Hour_Fluctuation": 0.16423357664233573,
  "Day": 0.00000000000229,
  "Day_Fluctuation": 0.16423357664233573,
  "Week": 0.00000000000229031595606403,
  "Week_Fluctuation": 0.16414298690692491,
  "Duration": "2.00:01:00.7061876",
  "Updated": "2017-12-14T23:17:58.4982607Z"
}
