{
  "Live": 0.00000000000968,
  "Minute": 0.00000000000968,
  "Minute_Fluctuation": 0.044228694714131614,
  "Minute_5": 0.00000000000968,
  "Minute_5_Fluctuation": 0.044228694714131614,
  "Minute_10": 0.00000000000968,
  "Minute_10_Fluctuation": 0.044228694714131614,
  "Hour": 0.00000000000968,
  "Hour_Fluctuation": 0.044228694714131614,
  "Day": 0.00000000000968,
  "Day_Fluctuation": 0.044228694714131614,
  "Week": 0.00000000000967971212891944,
  "Week_Fluctuation": 0.044388075394741315,
  "Duration": "2.00:01:00.7061876",
  "Updated": "2017-12-14T23:17:59.7867252Z"
}
