{
  "Live": 0.00000000001675,
  "Minute": 0.00000000001675,
  "Minute_Fluctuation": 0.66168450818016555,
  "Minute_5": 0.00000000001675,
  "Minute_5_Fluctuation": 0.66168450818016555,
  "Minute_10": 0.00000000001675,
  "Minute_10_Fluctuation": 0.66168450818016555,
  "Hour": 0.00000000001675,
  "Hour_Fluctuation": 0.66168450818016555,
  "Day": 0.00000000001675,
  "Day_Fluctuation": 0.66168450818016555,
  "Week": 0.0000000000167730016014611,
  "Week_Fluctuation": 0.66173071518039739,
  "Duration": "2.00:01:00.7061876",
  "Updated": "2017-12-14T23:17:59.4233473Z"
}
