{
  "Live": 0.00000000001451,
  "Minute": 0.00000000001451,
  "Minute_Fluctuation": 0.22654268808114969,
  "Minute_5": 0.00000000001451,
  "Minute_5_Fluctuation": 0.22654268808114969,
  "Minute_10": 0.00000000001451,
  "Minute_10_Fluctuation": 0.22654268808114969,
  "Hour": 0.00000000001451,
  "Hour_Fluctuation": 0.22654268808114969,
  "Day": 0.00000000001451,
  "Day_Fluctuation": 0.22654268808114969,
  "Week": 0.0000000000145081183061076,
  "Week_Fluctuation": 0.22674775825452276,
  "Duration": "2.00:01:00.7061876",
  "Updated": "2017-12-14T23:17:57.5946728Z"
}
