{
  "Live": 0.00000000002032,
  "Minute": 0.00000000002032,
  "Minute_Fluctuation": 1.5901448168234567E-16,
  "Minute_5": 0.00000000002032,
  "Minute_5_Fluctuation": 1.5901448168234567E-16,
  "Minute_10": 0.00000000002032,
  "Minute_10_Fluctuation": 1.5901448168234567E-16,
  "Hour": 0.00000000002032,
  "Hour_Fluctuation": 1.5901448168234567E-16,
  "Day": 0.00000000002032,
  "Day_Fluctuation": 1.5901448168234567E-16,
  "Week": 0.00000000002032,
  "Week_Fluctuation": 0.00015786164608141742,
  "Duration": "2.00:01:00.7061876",
  "Updated": "2017-12-14T23:17:55.8827576Z"
}
