{
  "Live": 0.00000000000025,
  "Minute": 0.00000000000025,
  "Minute_Fluctuation": 0.0,
  "Minute_5": 0.00000000000025,
  "Minute_5_Fluctuation": 0.0,
  "Minute_10": 0.00000000000025,
  "Minute_10_Fluctuation": 0.0,
  "Hour": 0.00000000000025,
  "Hour_Fluctuation": 0.0,
  "Day": 0.00000000000025,
  "Day_Fluctuation": 0.0,
  "Week": 0.00000000000025,
  "Week_Fluctuation": 0.00076063496895319637,
  "Duration": "2.00:01:00.7061876",
  "Updated": "2017-12-14T23:17:57.2913799Z"
}
