{
  "Live": 0.00000000000743,
  "Minute": 0.00000000000743,
  "Minute_Fluctuation": 0.053900709219858213,
  "Minute_5": 0.00000000000743,
  "Minute_5_Fluctuation": 0.053900709219858213,
  "Minute_10": 0.00000000000743,
  "Minute_10_Fluctuation": 0.053900709219858213,
  "Hour": 0.00000000000743,
  "Hour_Fluctuation": 0.053900709219858213,
  "Day": 0.00000000000743,
  "Day_Fluctuation": 0.053900709219858213,
  "Week": 0.00000000000742973319265704,
  "Week_Fluctuation": 0.053933614005590526,
  "Duration": "2.00:01:00.7061876",
  "Updated": "2017-12-14T23:17:58.9510935Z"
}
