{
  "Live": 0.00000000000003415,
  "Minute": 0.00000000000003415,
  "Minute_Fluctuation": 0.35735792246894987,
  "Minute_5": 0.00000000000003415,
  "Minute_5_Fluctuation": 0.35735792246894987,
  "Minute_10": 0.00000000000003415,
  "Minute_10_Fluctuation": 0.35735792246894987,
  "Hour": 0.00000000000003415,
  "Hour_Fluctuation": 0.35735792246894987,
  "Day": 0.00000000000003415,
  "Day_Fluctuation": 0.35735792246894987,
  "Week": 0.0000000000000341633333459019,
  "Week_Fluctuation": 0.35734582048900404,
  "Duration": "2.00:01:00.7061876",
  "Updated": "2017-12-14T23:17:56.3273281Z"
}
