{
  "Live": 0.0000000000054,
  "Minute": 0.0000000000054,
  "Minute_Fluctuation": 0.35338345864661652,
  "Minute_5": 0.0000000000054,
  "Minute_5_Fluctuation": 0.35338345864661652,
  "Minute_10": 0.0000000000054,
  "Minute_10_Fluctuation": 0.35338345864661652,
  "Hour": 0.0000000000054,
  "Hour_Fluctuation": 0.35338345864661652,
  "Day": 0.0000000000054,
  "Day_Fluctuation": 0.35338345864661652,
  "Week": 0.00000000000539901000433272,
  "Week_Fluctuation": 0.35322014661498657,
  "Duration": "2.00:01:00.7061876",
  "Updated": "2017-12-14T23:17:56.8179328Z"
}
