{
  "Live": 0.00000000000103,
  "Minute": 0.00000000000103,
  "Minute_Fluctuation": 0.33766233766233783,
  "Minute_5": 0.00000000000103,
  "Minute_5_Fluctuation": 0.33766233766233783,
  "Minute_10": 0.00000000000103,
  "Minute_10_Fluctuation": 0.33766233766233783,
  "Hour": 0.00000000000103,
  "Hour_Fluctuation": 0.33766233766233783,
  "Day": 0.00000000000103,
  "Day_Fluctuation": 0.33766233766233783,
  "Week": 0.00000000000102981744760745,
  "Week_Fluctuation": 0.33751818488717922,
  "Duration": "2.00:01:00.7061876",
  "Updated": "2017-12-14T23:17:57.4403431Z"
}
