{
  "Live": 0.00000000001762,
  "Minute": 0.00000000001762,
  "Minute_Fluctuation": 0.24875974486180008,
  "Minute_5": 0.00000000001762,
  "Minute_5_Fluctuation": 0.24875974486180008,
  "Minute_10": 0.00000000001762,
  "Minute_10_Fluctuation": 0.24875974486180008,
  "Hour": 0.00000000001762,
  "Hour_Fluctuation": 0.24875974486180008,
  "Day": 0.00000000001762,
  "Day_Fluctuation": 0.24875974486180008,
  "Week": 0.0000000000176175355427006,
  "Week_Fluctuation": 0.24865699423514626,
  "Duration": "2.00:01:00.7061876",
  "Updated": "2017-12-14T23:17:58.3580534Z"
}
