{
  "Live": 0.00000000001526,
  "Minute": 0.00000000001526,
  "Minute_Fluctuation": 13.815533980582524,
  "Minute_5": 0.00000000001526,
  "Minute_5_Fluctuation": 13.815533980582524,
  "Minute_10": 0.00000000001526,
  "Minute_10_Fluctuation": 13.815533980582524,
  "Hour": 0.00000000001526,
  "Hour_Fluctuation": 13.815533980582524,
  "Day": 0.00000000001526,
  "Day_Fluctuation": 13.815533980582524,
  "Week": 0.0000000000152500087671309,
  "Week_Fluctuation": 13.806304087953142,
  "Duration": "2.00:01:00.7061876",
  "Updated": "2017-12-14T23:17:59.2611089Z"
}
