{
  "Live": 0.00000000001577,
  "Minute": 0.00000000001577,
  "Minute_Fluctuation": 0.02602472348731294,
  "Minute_5": 0.00000000001577,
  "Minute_5_Fluctuation": 0.02602472348731294,
  "Minute_10": 0.00000000001577,
  "Minute_10_Fluctuation": 0.02602472348731294,
  "Hour": 0.00000000001577,
  "Hour_Fluctuation": 0.02602472348731294,
  "Day": 0.00000000001577,
  "Day_Fluctuation": 0.02602472348731294,
  "Week": 0.0000000000221101653110092,
  "Week_Fluctuation": 0.37866753096159506,
  "Duration": "7.00:01:00.3571865",
  "Updated": "2017-12-14T23:21:10.2815765Z"
}
