{
  "Live": 0.0000000000087,
  "Minute": 0.0000000000087,
  "Minute_Fluctuation": 0.072749691738594288,
  "Minute_5": 0.0000000000087,
  "Minute_5_Fluctuation": 0.072749691738594288,
  "Minute_10": 0.0000000000087,
  "Minute_10_Fluctuation": 0.072749691738594288,
  "Hour": 0.0000000000087,
  "Hour_Fluctuation": 0.072749691738594288,
  "Day": 0.0000000000087,
  "Day_Fluctuation": 0.072749691738594288,
  "Week": 0.00000000000687787717584223,
  "Week_Fluctuation": 0.48236046189989823,
  "Duration": "7.00:01:00.3571865",
  "Updated": "2017-12-14T23:21:08.9678787Z"
}
