{
  "Live": 0.00000000025988,
  "Minute": 0.00000000025988,
  "Minute_Fluctuation": 0.065549602675200463,
  "Minute_5": 0.00000000025988,
  "Minute_5_Fluctuation": 0.065549602675200463,
  "Minute_10": 0.00000000025988,
  "Minute_10_Fluctuation": 0.065549602675200463,
  "Hour": 0.00000000025988,
  "Hour_Fluctuation": 0.065549602675200463,
  "Day": 0.00000000025988,
  "Day_Fluctuation": 0.065549602675200463,
  "Week": 0.000000000301218046080597,
  "Week_Fluctuation": 0.089020187756057939,
  "Duration": "7.00:01:00.3571865",
  "Updated": "2017-12-14T23:21:08.8225364Z"
}
