{
  "Live": 0.00000000000793,
  "Minute": 0.00000000000793,
  "Minute_Fluctuation": 0.2546992481203007,
  "Minute_5": 0.00000000000793,
  "Minute_5_Fluctuation": 0.2546992481203007,
  "Minute_10": 0.00000000000793,
  "Minute_10_Fluctuation": 0.2546992481203007,
  "Hour": 0.00000000000793,
  "Hour_Fluctuation": 0.2546992481203007,
  "Day": 0.00000000000793,
  "Day_Fluctuation": 0.2546992481203007,
  "Week": 0.00000000000761992316530562,
  "Week_Fluctuation": 0.28383180064663321,
  "Duration": "7.00:01:00.3571865",
  "Updated": "2017-12-14T23:21:08.3930852Z"
}
