{
  "Live": 0.00000000000032,
  "Minute": 0.00000000000032,
  "Minute_Fluctuation": 0.030303030303030325,
  "Minute_5": 0.00000000000032,
  "Minute_5_Fluctuation": 0.030303030303030325,
  "Minute_10": 0.00000000000032,
  "Minute_10_Fluctuation": 0.030303030303030325,
  "Hour": 0.00000000000032,
  "Hour_Fluctuation": 0.030303030303030325,
  "Day": 0.00000000000032,
  "Day_Fluctuation": 0.030303030303030325,
  "Week": 0.000000000000323338766089501,
  "Week_Fluctuation": 0.053818394616961807,
  "Duration": "7.00:01:00.3571865",
  "Updated": "2017-12-14T23:21:10.1546007Z"
}
