{
  "Live": 0.00000000000002,
  "Minute": 0.00000000000002,
  "Minute_Fluctuation": 0.0,
  "Minute_5": 0.00000000000002,
  "Minute_5_Fluctuation": 0.0,
  "Minute_10": 0.00000000000002,
  "Minute_10_Fluctuation": 0.0,
  "Hour": 0.00000000000002,
  "Hour_Fluctuation": 0.0,
  "Day": 0.00000000000002,
  "Day_Fluctuation": 0.0,
  "Week": 0.00000000000002,
  "Week_Fluctuation": 3.880540119951738E-05,
  "Duration": "7.00:01:00.3571865",
  "Updated": "2017-12-14T23:21:10.0251201Z"
}
