{
  "Live": 0.00000000000013,
  "Minute": 0.00000000000013,
  "Minute_Fluctuation": 0.0833333333333334,
  "Minute_5": 0.00000000000013,
  "Minute_5_Fluctuation": 0.0833333333333334,
  "Minute_10": 0.00000000000013,
  "Minute_10_Fluctuation": 0.0833333333333334,
  "Hour": 0.00000000000013,
  "Hour_Fluctuation": 0.0833333333333334,
  "Day": 0.00000000000013,
  "Day_Fluctuation": 0.0833333333333334,
  "Week": 0.0000000000000916641443155887,
  "Week_Fluctuation": 0.31127596841807886,
  "Duration": "7.00:01:00.3571865",
  "Updated": "2017-12-14T23:21:08.6903389Z"
}
