{
  "Live": 0.00000000000302,
  "Minute": 0.00000000000302,
  "Minute_Fluctuation": 0.023728813559322,
  "Minute_5": 0.00000000000302,
  "Minute_5_Fluctuation": 0.023728813559322,
  "Minute_10": 0.00000000000302,
  "Minute_10_Fluctuation": 0.023728813559322,
  "Hour": 0.00000000000302,
  "Hour_Fluctuation": 0.023728813559322,
  "Day": 0.00000000000302,
  "Day_Fluctuation": 0.023728813559322,
  "Week": 0.00000000000284315832097392,
  "Week_Fluctuation": 0.29397853350773562,
  "Duration": "7.00:01:00.3571865",
  "Updated": "2017-12-14T23:21:09.5063041Z"
}
