{
  "Live": 0.00000000001288,
  "Minute": 0.00000000001288,
  "Minute_Fluctuation": 0.00846805234795998,
  "Minute_5": 0.00000000001288,
  "Minute_5_Fluctuation": 0.00846805234795998,
  "Minute_10": 0.00000000001288,
  "Minute_10_Fluctuation": 0.00846805234795998,
  "Hour": 0.00000000001288,
  "Hour_Fluctuation": 0.00846805234795998,
  "Day": 0.00000000001288,
  "Day_Fluctuation": 0.00846805234795998,
  "Week": 0.000000000013933291035446,
  "Week_Fluctuation": 0.10992770433252316,
  "Duration": "7.00:01:00.3571865",
  "Updated": "2017-12-14T23:21:09.1223384Z"
}
