{
  "Live": 0.0000000000726,
  "Minute": 0.0000000000726,
  "Minute_Fluctuation": 0.050043390222736385,
  "Minute_5": 0.0000000000726,
  "Minute_5_Fluctuation": 0.050043390222736385,
  "Minute_10": 0.0000000000726,
  "Minute_10_Fluctuation": 0.050043390222736385,
  "Hour": 0.0000000000726,
  "Hour_Fluctuation": 0.050043390222736385,
  "Day": 0.0000000000726,
  "Day_Fluctuation": 0.050043390222736385,
  "Week": 0.0000000000728578673057798,
  "Week_Fluctuation": 0.26368468905744508,
  "Duration": "7.00:01:00.3571865",
  "Updated": "2017-12-14T23:21:10.4067712Z"
}
