{
  "Live": 0.00000000000719,
  "Minute": 0.00000000000719,
  "Minute_Fluctuation": 0.10276073619631905,
  "Minute_5": 0.00000000000719,
  "Minute_5_Fluctuation": 0.10276073619631905,
  "Minute_10": 0.00000000000719,
  "Minute_10_Fluctuation": 0.10276073619631905,
  "Hour": 0.00000000000719,
  "Hour_Fluctuation": 0.10276073619631905,
  "Day": 0.00000000000719,
  "Day_Fluctuation": 0.10276073619631905,
  "Week": 0.0000000000077385780013879,
  "Week_Fluctuation": 0.15098663369945356,
  "Duration": "7.00:01:00.3571865",
  "Updated": "2017-12-14T23:21:09.7645674Z"
}
