{
  "Live": 0.0000000000183,
  "Minute": 0.0000000000183,
  "Minute_Fluctuation": 0.0523289246693502,
  "Minute_5": 0.0000000000183,
  "Minute_5_Fluctuation": 0.0523289246693502,
  "Minute_10": 0.0000000000183,
  "Minute_10_Fluctuation": 0.0523289246693502,
  "Hour": 0.0000000000183,
  "Hour_Fluctuation": 0.0523289246693502,
  "Day": 0.0000000000183,
  "Day_Fluctuation": 0.0523289246693502,
  "Week": 0.0000000000164062351506053,
  "Week_Fluctuation": 0.1359517263121644,
  "Duration": "7.00:01:00.3571865",
  "Updated": "2017-12-14T23:21:08.2221693Z"
}
