{
  "Live": 0.00000000000019,
  "Minute": 0.00000000000019,
  "Minute_Fluctuation": 0.11764705882352935,
  "Minute_5": 0.00000000000019,
  "Minute_5_Fluctuation": 0.11764705882352935,
  "Minute_10": 0.00000000000019,
  "Minute_10_Fluctuation": 0.11764705882352935,
  "Hour": 0.00000000000019,
  "Hour_Fluctuation": 0.11764705882352935,
  "Day": 0.00000000000019,
  "Day_Fluctuation": 0.11764705882352935,
  "Week": 0.000000000000248344004818663,
  "Week_Fluctuation": 0.57243173323579755,
  "Duration": "7.00:01:00.3571865",
  "Updated": "2017-12-14T23:21:09.3775207Z"
}
