{
  "Live": 0.00000000000023,
  "Minute": 0.00000000000023,
  "Minute_Fluctuation": 0.95610687022900775,
  "Minute_5": 0.00000000000023,
  "Minute_5_Fluctuation": 0.95610687022900775,
  "Minute_10": 0.00000000000023,
  "Minute_10_Fluctuation": 0.95610687022900775,
  "Hour": 0.00000000000023,
  "Hour_Fluctuation": 0.95610687022900775,
  "Day": 0.00000000000023,
  "Day_Fluctuation": 0.95610687022900775,
  "Week": 0.00000000000271176193392661,
  "Week_Fluctuation": 0.97679861929303247,
  "Duration": "7.00:01:00.3571865",
  "Updated": "2017-12-14T23:21:09.894941Z"
}
