{
  "Live": 0.00000000829405,
  "Minute": 0.00000000829405,
  "Minute_Fluctuation": 0.022846811916451347,
  "Minute_5": 0.00000000829405,
  "Minute_5_Fluctuation": 0.022846811916451347,
  "Minute_10": 0.00000000829405,
  "Minute_10_Fluctuation": 0.022846811916451347,
  "Hour": 0.00000000829405,
  "Hour_Fluctuation": 0.022846811916451347,
  "Day": 0.00000000829405,
  "Day_Fluctuation": 0.022846811916451347,
  "Week": 0.0000000111897910459299,
  "Week_Fluctuation": 0.3739838802719922,
  "Duration": "7.00:01:00.3571865",
  "Updated": "2017-12-14T23:21:10.5382726Z"
}
