{
  "Live": 0.0000000000007,
  "Minute": 0.0000000000007,
  "Minute_Fluctuation": 0.37254901960784292,
  "Minute_5": 0.0000000000007,
  "Minute_5_Fluctuation": 0.37254901960784292,
  "Minute_10": 0.0000000000007,
  "Minute_10_Fluctuation": 0.37254901960784292,
  "Hour": 0.0000000000007,
  "Hour_Fluctuation": 0.37254901960784292,
  "Day": 0.0000000000007,
  "Day_Fluctuation": 0.37254901960784292,
  "Week": 0.000000000000448353318114951,
  "Week_Fluctuation": 0.41197320069959237,
  "Duration": "7.00:01:00.3571865",
  "Updated": "2017-12-14T23:21:09.62958Z"
}
