{
  "Live": 0.00000000427747,
  "Minute": 0.00000000427747,
  "Minute_Fluctuation": 0.0041598685368859226,
  "Minute_5": 0.00000000427747,
  "Minute_5_Fluctuation": 0.0041598685368859226,
  "Minute_10": 0.00000000427747,
  "Minute_10_Fluctuation": 0.0041598685368859226,
  "Hour": 0.00000000427747,
  "Hour_Fluctuation": 0.0041598685368859226,
  "Day": 0.00000000427747,
  "Day_Fluctuation": 0.0041598685368859226,
  "Week": 0.00000000587988659290019,
  "Week_Fluctuation": 1.6906355220950513,
  "Duration": "7.00:01:00.3571865",
  "Updated": "2017-12-14T23:21:08.5358868Z"
}
