{
  "Live": 0.00000000000013959,
  "Minute": 0.00000000000013959,
  "Minute_Fluctuation": 1.8084066886648313E-16,
  "Minute_5": 0.000000000000134916826773829,
  "Minute_5_Fluctuation": 0.13180379496215816,
  "Minute_10": 0.000000000000132423082065327,
  "Minute_10_Fluctuation": 0.15259618878219511,
  "Hour": 0.000000000000132423082065327,
  "Hour_Fluctuation": 0.15259618878219511,
  "Day": 0.000000000000132423082065327,
  "Day_Fluctuation": 0.15259618878219511,
  "Week": 0.000000000000132423082065327,
  "Week_Fluctuation": 0.15259618878219508,
  "Duration": "00:10:07.9856267",
  "Updated": "2017-12-14T23:21:13.0361299Z"
}
