{
  "Live": 0.00000024398089112,
  "Minute": 0.00000024398089112,
  "Minute_Fluctuation": 0.0,
  "Minute_5": 0.000000236549393063855,
  "Minute_5_Fluctuation": 0.095307105243359086,
  "Minute_10": 0.000000232583723901416,
  "Minute_10_Fluctuation": 0.10146542176238274,
  "Hour": 0.000000232583723901416,
  "Hour_Fluctuation": 0.10146542176238274,
  "Day": 0.000000232583723901416,
  "Day_Fluctuation": 0.10146542176238274,
  "Week": 0.000000232583723901416,
  "Week_Fluctuation": 0.10146542176238273,
  "Duration": "00:10:07.9856267",
  "Updated": "2017-12-14T23:21:10.7797085Z"
}
