{
  "Live": 0.00000000000009937,
  "Minute": 0.00000000000009937,
  "Minute_Fluctuation": 1.2701795797057652E-16,
  "Minute_5": 0.000000000000106641232031648,
  "Minute_5_Fluctuation": 0.16815852913417931,
  "Minute_10": 0.000000000000110521378460133,
  "Minute_10_Fluctuation": 0.17434118180709962,
  "Hour": 0.000000000000110521378460133,
  "Hour_Fluctuation": 0.17434118180709959,
  "Day": 0.000000000000110521378460133,
  "Day_Fluctuation": 0.17434118180709962,
  "Week": 0.000000000000110521378460133,
  "Week_Fluctuation": 0.17434118180709962,
  "Duration": "00:10:07.9856267",
  "Updated": "2017-12-14T23:21:13.1491806Z"
}
