{
  "Live": 0.00000000000012982,
  "Minute": 0.00000000000012982,
  "Minute_Fluctuation": 0.0,
  "Minute_5": 0.000000000000143299454171256,
  "Minute_5_Fluctuation": 0.2234472520390727,
  "Minute_10": 0.000000000000150492493223355,
  "Minute_10_Fluctuation": 0.23142857693823721,
  "Hour": 0.000000000000150492493223355,
  "Hour_Fluctuation": 0.23142857693823721,
  "Day": 0.000000000000150492493223355,
  "Day_Fluctuation": 0.23142857693823723,
  "Week": 0.000000000000150492493223355,
  "Week_Fluctuation": 0.23142857693823721,
  "Duration": "00:10:07.9856267",
  "Updated": "2017-12-14T23:21:13.0931564Z"
}
