{
  "Live": 0.00000050979122785,
  "Minute": 0.00000050979122785,
  "Minute_Fluctuation": 0.0,
  "Minute_5": 0.000000491634782890989,
  "Minute_5_Fluctuation": 0.11612043828155541,
  "Minute_10": 0.000000481945961965587,
  "Minute_10_Fluctuation": 0.12506563636082396,
  "Hour": 0.000000481945961965587,
  "Hour_Fluctuation": 0.12506563636082393,
  "Day": 0.000000481945961965587,
  "Day_Fluctuation": 0.12506563636082396,
  "Week": 0.000000481945961965587,
  "Week_Fluctuation": 0.12506563636082396,
  "Duration": "00:10:07.9856267",
  "Updated": "2017-12-14T23:21:11.8841457Z"
}
