{
  "Live": 0.00000061393359896,
  "Minute": 0.00000061393359896,
  "Minute_Fluctuation": 0.0,
  "Minute_5": 0.00000057968003274435,
  "Minute_5_Fluctuation": 0.18852287244665533,
  "Minute_10": 0.000000561401307483482,
  "Minute_10_Fluctuation": 0.20110189908594889,
  "Hour": 0.000000561401307483482,
  "Hour_Fluctuation": 0.20110189908594892,
  "Day": 0.000000561401307483482,
  "Day_Fluctuation": 0.20110189908594892,
  "Week": 0.000000561401307483482,
  "Week_Fluctuation": 0.20110189908594889,
  "Duration": "00:10:07.9856267",
  "Updated": "2017-12-14T23:21:11.7743807Z"
}
