{
  "Live": 0.00000054737163319,
  "Minute": 0.00000054737163319,
  "Minute_Fluctuation": 0.0,
  "Minute_5": 0.000000515820254839079,
  "Minute_5_Fluctuation": 0.16453617863795528,
  "Minute_10": 0.000000498983497672034,
  "Minute_10_Fluctuation": 0.16089915331787263,
  "Hour": 0.000000498983497672034,
  "Hour_Fluctuation": 0.16089915331787266,
  "Day": 0.000000498983497672034,
  "Day_Fluctuation": 0.16089915331787266,
  "Week": 0.000000498983497672034,
  "Week_Fluctuation": 0.16089915331787266,
  "Duration": "00:10:07.9856267",
  "Updated": "2017-12-14T23:21:11.8314658Z"
}
