{
  "Live": 0.00000000000000017,
  "Minute": 0.00000000000000017,
  "Minute_Fluctuation": 1.45011195812686E-16,
  "Minute_5": 0.0000000000000001675562990988,
  "Minute_5_Fluctuation": 0.064431183868961239,
  "Minute_10": 0.0000000000000001662522673634,
  "Minute_10_Fluctuation": 0.078612819445275067,
  "Hour": 0.0000000000000001662522673634,
  "Hour_Fluctuation": 0.078612819445275053,
  "Day": 0.0000000000000001662522673634,
  "Day_Fluctuation": 0.078612819445275053,
  "Week": 0.0000000000000001662522673634,
  "Week_Fluctuation": 0.07861281944527504,
  "Duration": "00:10:07.9856267",
  "Updated": "2017-12-14T23:21:13.4390223Z"
}
