{
  "Live": 0.00000000000749,
  "Minute": 0.00000000000749,
  "Minute_Fluctuation": 0.0,
  "Minute_5": 0.00000000000738410761384671,
  "Minute_5_Fluctuation": 0.090720331849637056,
  "Minute_10": 0.00000000000732760027614271,
  "Minute_10_Fluctuation": 0.11927592365051241,
  "Hour": 0.00000000000732760027614271,
  "Hour_Fluctuation": 0.11927592365051241,
  "Day": 0.00000000000732760027614271,
  "Day_Fluctuation": 0.11927592365051241,
  "Week": 0.00000000000732760027614271,
  "Week_Fluctuation": 0.11927592365051239,
  "Duration": "00:10:07.9856267",
  "Updated": "2017-12-14T23:21:11.060055Z"
}
