{
  "Live": 0.00000000000001482,
  "Minute": 0.00000000000001482,
  "Minute_Fluctuation": 0.0,
  "Minute_5": 0.0000000000000153120945629266,
  "Minute_5_Fluctuation": 0.14996467055056645,
  "Minute_10": 0.0000000000000155746909087049,
  "Minute_10_Fluctuation": 0.18852779922627033,
  "Hour": 0.0000000000000155746909087049,
  "Hour_Fluctuation": 0.18852779922627033,
  "Day": 0.0000000000000155746909087049,
  "Day_Fluctuation": 0.18852779922627028,
  "Week": 0.0000000000000155746909087049,
  "Week_Fluctuation": 0.1885277992262703,
  "Duration": "00:10:07.9856267",
  "Updated": "2017-12-14T23:21:13.392505Z"
}
