{
  "Live": 0.00000000000018858,
  "Minute": 0.00000000000018858,
  "Minute_Fluctuation": 0.0,
  "Minute_5": 0.000000000000218540691058946,
  "Minute_5_Fluctuation": 0.32169220257499254,
  "Minute_10": 0.000000000000234528610011513,
  "Minute_10_Fluctuation": 0.340068225669257,
  "Hour": 0.000000000000234528610011513,
  "Hour_Fluctuation": 0.340068225669257,
  "Day": 0.000000000000234528610011513,
  "Day_Fluctuation": 0.340068225669257,
  "Week": 0.000000000000234528610011513,
  "Week_Fluctuation": 0.340068225669257,
  "Duration": "00:10:07.9856267",
  "Updated": "2017-12-14T23:21:11.3417443Z"
}
