{
  "Live": 0.00000000000573394,
  "Minute": 0.00000000000573394,
  "Minute_Fluctuation": 0.0,
  "Minute_5": 0.00000000000559508327609618,
  "Minute_5_Fluctuation": 0.0865866561319682,
  "Minute_10": 0.00000000000552098518391848,
  "Minute_10_Fluctuation": 0.097853581486706587,
  "Hour": 0.00000000000552098518391848,
  "Hour_Fluctuation": 0.097853581486706587,
  "Day": 0.00000000000552098518391848,
  "Day_Fluctuation": 0.097853581486706587,
  "Week": 0.00000000000552098518391848,
  "Week_Fluctuation": 0.097853581486706573,
  "Duration": "00:10:07.9856267",
  "Updated": "2017-12-14T23:21:12.3382948Z"
}
