{
  "Live": 0.00000000000150799,
  "Minute": 0.00000000000150799,
  "Minute_Fluctuation": 1.3391891971205316E-16,
  "Minute_5": 0.00000000000150012387003568,
  "Minute_5_Fluctuation": 0.037789959244900043,
  "Minute_10": 0.00000000000149592626831506,
  "Minute_10_Fluctuation": 0.050798173953262839,
  "Hour": 0.00000000000149592626831506,
  "Hour_Fluctuation": 0.050798173953262825,
  "Day": 0.00000000000149592626831506,
  "Day_Fluctuation": 0.050798173953262825,
  "Week": 0.00000000000149592626831506,
  "Week_Fluctuation": 0.050798173953262825,
  "Duration": "00:10:07.9856267",
  "Updated": "2017-12-14T23:21:12.647439Z"
}
