{
  "Live": 0.00000069700205522,
  "Minute": 0.00000069700205522,
  "Minute_Fluctuation": 0.0,
  "Minute_5": 0.000000652093028495284,
  "Minute_5_Fluctuation": 0.24562765354209978,
  "Minute_10": 0.000000628128231485067,
  "Minute_10_Fluctuation": 0.272382116639077,
  "Hour": 0.000000628128231485067,
  "Hour_Fluctuation": 0.272382116639077,
  "Day": 0.000000628128231485067,
  "Day_Fluctuation": 0.27238211663907708,
  "Week": 0.000000628128231485067,
  "Week_Fluctuation": 0.272382116639077,
  "Duration": "00:10:07.9856267",
  "Updated": "2017-12-14T23:21:10.8297441Z"
}
