{
  "Live": 0.00000000000026241,
  "Minute": 0.00000000000026241,
  "Minute_Fluctuation": 0.0,
  "Minute_5": 0.000000000000276935276886873,
  "Minute_5_Fluctuation": 0.16903173377260233,
  "Minute_10": 0.000000000000284686398153537,
  "Minute_10_Fluctuation": 0.19352078551391644,
  "Hour": 0.000000000000284686398153537,
  "Hour_Fluctuation": 0.19352078551391644,
  "Day": 0.000000000000284686398153537,
  "Day_Fluctuation": 0.19352078551391644,
  "Week": 0.000000000000284686398153537,
  "Week_Fluctuation": 0.19352078551391644,
  "Duration": "00:10:07.9856267",
  "Updated": "2017-12-14T23:21:11.1133479Z"
}
