{
  "Live": 0.00000000000509857,
  "Minute": 0.00000000000509857,
  "Minute_Fluctuation": 1.5843531950062785E-16,
  "Minute_5": 0.00000000000500121694114947,
  "Minute_5_Fluctuation": 0.067136951669708927,
  "Minute_10": 0.00000000000494926644335806,
  "Minute_10_Fluctuation": 0.075792074591734371,
  "Hour": 0.00000000000494926644335806,
  "Hour_Fluctuation": 0.075792074591734357,
  "Day": 0.00000000000494926644335806,
  "Day_Fluctuation": 0.075792074591734357,
  "Week": 0.00000000000494926644335806,
  "Week_Fluctuation": 0.075792074591734343,
  "Duration": "00:10:07.9856267",
  "Updated": "2017-12-14T23:21:12.4920287Z"
}
