{
  "Live": 0.00000000000026487,
  "Minute": 0.00000000000026487,
  "Minute_Fluctuation": 0.0,
  "Minute_5": 0.000000000000227859138399162,
  "Minute_5_Fluctuation": 0.59389430990652392,
  "Minute_10": 0.000000000000208109038026822,
  "Minute_10_Fluctuation": 0.61724514654042539,
  "Hour": 0.000000000000208109038026822,
  "Hour_Fluctuation": 0.61724514654042539,
  "Day": 0.000000000000208109038026822,
  "Day_Fluctuation": 0.61724514654042539,
  "Week": 0.000000000000208109038026822,
  "Week_Fluctuation": 0.61724514654042539,
  "Duration": "00:10:07.9856267",
  "Updated": "2017-12-14T23:21:11.169974Z"
}
