{
  "Live": 0.00000000000749,
  "Minute": 0.00000000000749,
  "Minute_Fluctuation": 0.0,
  "Minute_5": 0.00000000000738230473256201,
  "Minute_5_Fluctuation": 0.091466974308360885,
  "Minute_10": 0.00000000000732483532359591,
  "Minute_10_Fluctuation": 0.12007012940019124,
  "Hour": 0.00000000000732483532359591,
  "Hour_Fluctuation": 0.12007012940019124,
  "Day": 0.0000000000073248353235959,
  "Day_Fluctuation": 0.12007012940019221,
  "Week": 0.00000000000732483532359591,
  "Week_Fluctuation": 0.12007012940019123,
  "Duration": "00:10:07.9856267",
  "Updated": "2017-12-14T23:21:12.1987833Z"
}
