{
  "Live": 0.00000000000001578,
  "Minute": 0.00000000000001578,
  "Minute_Fluctuation": 0.0,
  "Minute_5": 0.0000000000000169850312980177,
  "Minute_5_Fluctuation": 0.15208252518261767,
  "Minute_10": 0.0000000000000176280719638725,
  "Minute_10_Fluctuation": 0.14663442890658474,
  "Hour": 0.0000000000000176280719638725,
  "Hour_Fluctuation": 0.14663442890658474,
  "Day": 0.0000000000000176280719638725,
  "Day_Fluctuation": 0.14663442890658474,
  "Week": 0.0000000000000176280719638725,
  "Week_Fluctuation": 0.14663442890658474,
  "Duration": "00:10:07.9856267",
  "Updated": "2017-12-14T23:21:11.2769308Z"
}
