{
  "Live": 0.00000000564419424,
  "Minute": 0.00000000564419424,
  "Minute_Fluctuation": 0.0,
  "Minute_5": 0.00000000510205312226753,
  "Minute_5_Fluctuation": 0.40489036843114939,
  "Minute_10": 0.00000000481275044116088,
  "Minute_10_Fluctuation": 0.44888238028350264,
  "Hour": 0.00000000481275044116088,
  "Hour_Fluctuation": 0.44888238028350258,
  "Day": 0.00000000481275044116088,
  "Day_Fluctuation": 0.44888238028350258,
  "Week": 0.00000000481275044116088,
  "Week_Fluctuation": 0.44888238028350258,
  "Duration": "00:10:07.9856267",
  "Updated": "2017-12-14T23:21:11.983586Z"
}
