{
  "Live": 0.00000000000624493,
  "Minute": 0.00000000000624493,
  "Minute_Fluctuation": 0.0,
  "Minute_5": 0.00000000000611493569486286,
  "Minute_5_Fluctuation": 0.082372567131415844,
  "Minute_10": 0.00000000000604556685384584,
  "Minute_10_Fluctuation": 0.096570951502434943,
  "Hour": 0.00000000000604556685384584,
  "Hour_Fluctuation": 0.096570951502434943,
  "Day": 0.00000000000604556685384584,
  "Day_Fluctuation": 0.096570951502434943,
  "Week": 0.00000000000604556685384584,
  "Week_Fluctuation": 0.096570951502434929,
  "Duration": "00:10:07.9856267",
  "Updated": "2017-12-14T23:21:11.0136503Z"
}
