{
  "Live": 0.00000000000002117,
  "Minute": 0.00000000000002117,
  "Minute_Fluctuation": 0.0,
  "Minute_5": 0.0000000000000505515940177389,
  "Minute_5_Fluctuation": 0.72157277408460307,
  "Minute_10": 0.0000000000000662304895054508,
  "Minute_10_Fluctuation": 0.69104544025637482,
  "Hour": 0.0000000000000662304895054508,
  "Hour_Fluctuation": 0.69104544025637482,
  "Day": 0.0000000000000662304895054508,
  "Day_Fluctuation": 0.69104544025637482,
  "Week": 0.0000000000000662304895054508,
  "Week_Fluctuation": 0.69104544025637471,
  "Duration": "00:10:07.9856267",
  "Updated": "2017-12-14T23:21:10.8949701Z"
}
