{
  "Live": 0.00000000000026487,
  "Minute": 0.00000000000026487,
  "Minute_Fluctuation": 0.0,
  "Minute_5": 0.000000000000230220747667666,
  "Minute_5_Fluctuation": 0.49380755372079926,
  "Minute_10": 0.000000000000211730872485331,
  "Minute_10_Fluctuation": 0.49185817985783675,
  "Hour": 0.000000000000211730872485331,
  "Hour_Fluctuation": 0.49185817985783675,
  "Day": 0.000000000000211730872485331,
  "Day_Fluctuation": 0.49185817985783675,
  "Week": 0.000000000000211730872485331,
  "Week_Fluctuation": 0.49185817985783675,
  "Duration": "00:10:07.9856267",
  "Updated": "2017-12-14T23:21:12.7595618Z"
}
