{
  "Live": 0.00000000000150799,
  "Minute": 0.00000000000150799,
  "Minute_Fluctuation": 1.3391891971205316E-16,
  "Minute_5": 0.00000000000154577760512567,
  "Minute_5_Fluctuation": 0.080082271015304546,
  "Minute_10": 0.00000000000156594219902547,
  "Minute_10_Fluctuation": 0.090917988008825848,
  "Hour": 0.00000000000156594219902547,
  "Hour_Fluctuation": 0.090917988008825848,
  "Day": 0.00000000000156594219902547,
  "Day_Fluctuation": 0.090917988008825834,
  "Week": 0.00000000000156594219902547,
  "Week_Fluctuation": 0.090917988008825834,
  "Duration": "00:10:07.9856267",
  "Updated": "2017-12-14T23:21:11.4995382Z"
}
