{
  "Live": 0.00000000000026241,
  "Minute": 0.00000000000026241,
  "Minute_Fluctuation": 0.0,
  "Minute_5": 0.000000000000282597331875053,
  "Minute_5_Fluctuation": 0.20205786490631589,
  "Minute_10": 0.000000000000293369894672484,
  "Minute_10_Fluctuation": 0.22274105283723872,
  "Hour": 0.000000000000293369894672484,
  "Hour_Fluctuation": 0.22274105283723872,
  "Day": 0.000000000000293369894672484,
  "Day_Fluctuation": 0.22274105283723872,
  "Week": 0.000000000000293369894672484,
  "Week_Fluctuation": 0.22274105283723872,
  "Duration": "00:10:07.9856267",
  "Updated": "2017-12-14T23:21:12.8150738Z"
}
