{
  "Live": 0.00000000000485643,
  "Minute": 0.00000000000485643,
  "Minute_Fluctuation": 0.0,
  "Minute_5": 0.0000000000049657647300133,
  "Minute_5_Fluctuation": 0.066794928034362044,
  "Minute_10": 0.0000000000050241090051408,
  "Minute_10_Fluctuation": 0.0736044862000429,
  "Hour": 0.0000000000050241090051408,
  "Hour_Fluctuation": 0.07360448620004291,
  "Day": 0.00000000000502410900514081,
  "Day_Fluctuation": 0.073604486200043992,
  "Week": 0.0000000000050241090051408,
  "Week_Fluctuation": 0.0736044862000429,
  "Duration": "00:10:07.9856267",
  "Updated": "2017-12-14T23:21:11.3964395Z"
}
