{
  "Live": 0.0000000001774489,
  "Minute": 0.0000000001774489,
  "Minute_Fluctuation": 0.0,
  "Minute_5": 0.000000000173056819998924,
  "Minute_5_Fluctuation": 0.095831164031468546,
  "Minute_10": 0.000000000170713075024811,
  "Minute_10_Fluctuation": 0.11120818174557384,
  "Hour": 0.000000000170713075024811,
  "Hour_Fluctuation": 0.11120818174557384,
  "Day": 0.000000000170713075024811,
  "Day_Fluctuation": 0.11120818174557384,
  "Week": 0.000000000170713075024811,
  "Week_Fluctuation": 0.11120818174557384,
  "Duration": "00:10:07.9856267",
  "Updated": "2017-12-14T23:21:10.7226143Z"
}
