{
  "Live": 0.00000000539198834,
  "Minute": 0.00000000539198834,
  "Minute_Fluctuation": 0.0,
  "Minute_5": 0.00000000761255234254504,
  "Minute_5_Fluctuation": 0.49422759551986495,
  "Minute_10": 0.0000000087975115690138,
  "Minute_10_Fluctuation": 0.485324271502522,
  "Hour": 0.0000000087975115690138,
  "Hour_Fluctuation": 0.485324271502522,
  "Day": 0.0000000087975115690138,
  "Day_Fluctuation": 0.48532427150252205,
  "Week": 0.0000000087975115690138,
  "Week_Fluctuation": 0.485324271502522,
  "Duration": "00:10:07.9856267",
  "Updated": "2017-12-14T23:21:12.0365504Z"
}
