{
  "Live": 0.00000000000624493,
  "Minute": 0.00000000000624493,
  "Minute_Fluctuation": 0.0,
  "Minute_5": 0.00000000000611493569486286,
  "Minute_5_Fluctuation": 0.086484743862695085,
  "Minute_10": 0.00000000000604556685384584,
  "Minute_10_Fluctuation": 0.10287750846910251,
  "Hour": 0.00000000000604556685384584,
  "Hour_Fluctuation": 0.1028775084691025,
  "Day": 0.00000000000604556685384584,
  "Day_Fluctuation": 0.10287750846910251,
  "Week": 0.00000000000604556685384584,
  "Week_Fluctuation": 0.1028775084691025,
  "Duration": "00:10:07.9856267",
  "Updated": "2017-12-14T23:21:12.2754654Z"
}
