{
  "Live": 0.00000069700205522,
  "Minute": 0.00000069700205522,
  "Minute_Fluctuation": 0.0,
  "Minute_5": 0.000000649049268492503,
  "Minute_5_Fluctuation": 0.26516731793540016,
  "Minute_10": 0.000000623460230301073,
  "Minute_10_Fluctuation": 0.29377929341106535,
  "Hour": 0.000000623460230301073,
  "Hour_Fluctuation": 0.2937792934110654,
  "Day": 0.000000623460230301073,
  "Day_Fluctuation": 0.2937792934110654,
  "Week": 0.000000623460230301073,
  "Week_Fluctuation": 0.29377929341106535,
  "Duration": "00:10:07.9856267",
  "Updated": "2017-12-14T23:21:11.7144195Z"
}
