{
  "Live": 0.00000000000122319,
  "Minute": 0.00000000000122319,
  "Minute_Fluctuation": 1.6509977332759344E-16,
  "Minute_5": 0.00000000000133070519778805,
  "Minute_5_Fluctuation": 0.17903302220852652,
  "Minute_10": 0.0000000000013880785162146,
  "Minute_10_Fluctuation": 0.17727310491352616,
  "Hour": 0.0000000000013880785162146,
  "Hour_Fluctuation": 0.17727310491352616,
  "Day": 0.0000000000013880785162146,
  "Day_Fluctuation": 0.17727310491352616,
  "Week": 0.0000000000013880785162146,
  "Week_Fluctuation": 0.17727310491352616,
  "Duration": "00:10:07.9856267",
  "Updated": "2017-12-14T23:21:12.7027601Z"
}
