{
  "Live": 0.00000000000022783,
  "Minute": 0.00000000000022783,
  "Minute_Fluctuation": 0.0,
  "Minute_5": 0.000000000000215978740539409,
  "Minute_5_Fluctuation": 0.20921726676265617,
  "Minute_10": 0.000000000000209654554779842,
  "Minute_10_Fluctuation": 0.23970362404635934,
  "Hour": 0.000000000000209654554779842,
  "Hour_Fluctuation": 0.23970362404635936,
  "Day": 0.000000000000209654554779842,
  "Day_Fluctuation": 0.23970362404635936,
  "Week": 0.000000000000209654554779842,
  "Week_Fluctuation": 0.23970362404635931,
  "Duration": "00:10:07.9856267",
  "Updated": "2017-12-14T23:21:11.446529Z"
}
