{
  "Live": 0.00000000000537993,
  "Minute": 0.00000000000537993,
  "Minute_Fluctuation": 0.0,
  "Minute_5": 0.00000000000532172256306223,
  "Minute_5_Fluctuation": 0.039668943495793529,
  "Minute_10": 0.00000000000529066133745943,
  "Minute_10_Fluctuation": 0.045774231179530604,
  "Hour": 0.00000000000529066133745943,
  "Hour_Fluctuation": 0.045774231179530604,
  "Day": 0.00000000000529066133745943,
  "Day_Fluctuation": 0.045774231179530604,
  "Week": 0.00000000000529066133745943,
  "Week_Fluctuation": 0.0457742311795306,
  "Duration": "00:10:07.9856267",
  "Updated": "2017-12-14T23:21:12.4382002Z"
}
