{
  "Live": 0.00000000000001786,
  "Minute": 0.00000000000001786,
  "Minute_Fluctuation": 0.0,
  "Minute_5": 0.0000000000000165652922725054,
  "Minute_5_Fluctuation": 0.28854099457045396,
  "Minute_10": 0.0000000000000158743975874087,
  "Minute_10_Fluctuation": 0.32219585279758217,
  "Hour": 0.0000000000000158743975874087,
  "Hour_Fluctuation": 0.32219585279758212,
  "Day": 0.0000000000000158743975874087,
  "Day_Fluctuation": 0.32219585279758217,
  "Week": 0.0000000000000158743975874087,
  "Week_Fluctuation": 0.32219585279758212,
  "Duration": "00:10:07.9856267",
  "Updated": "2017-12-14T23:21:13.276303Z"
}
