{
  "Live": 0.0000000002949184,
  "Minute": 0.0000000002949184,
  "Minute_Fluctuation": 0.0,
  "Minute_5": 0.000000000276536679063045,
  "Minute_5_Fluctuation": 0.25036772609092534,
  "Minute_10": 0.00000000026672764415225,
  "Minute_10_Fluctuation": 0.283698751345776,
  "Hour": 0.00000000026672764415225,
  "Hour_Fluctuation": 0.283698751345776,
  "Day": 0.00000000026672764415225,
  "Day_Fluctuation": 0.283698751345776,
  "Week": 0.00000000026672764415225,
  "Week_Fluctuation": 0.28369875134577593,
  "Duration": "00:10:07.9856267",
  "Updated": "2017-12-14T23:21:11.2195751Z"
}
