{
  "Live": 0.00000000000017113,
  "Minute": 0.00000000000017113,
  "Minute_Fluctuation": 0.0,
  "Minute_5": 0.000000000000151705013790962,
  "Minute_5_Fluctuation": 0.40100834121698692,
  "Minute_10": 0.000000000000141339261393802,
  "Minute_10_Fluctuation": 0.39894632525572848,
  "Hour": 0.000000000000141339261393802,
  "Hour_Fluctuation": 0.39894632525572848,
  "Day": 0.000000000000141339261393802,
  "Day_Fluctuation": 0.39894632525572848,
  "Week": 0.000000000000141339261393802,
  "Week_Fluctuation": 0.39894632525572848,
  "Duration": "00:10:07.9856267",
  "Updated": "2017-12-14T23:21:12.9859321Z"
}
