{
  "Live": 0.0000000000028047,
  "Minute": 0.0000000000028047,
  "Minute_Fluctuation": 0.0,
  "Minute_5": 0.00000000000275775196569512,
  "Minute_5_Fluctuation": 0.0819656974424016,
  "Minute_10": 0.00000000000273269909338412,
  "Minute_10_Fluctuation": 0.10203409535435579,
  "Hour": 0.00000000000273269909338412,
  "Hour_Fluctuation": 0.10203409535435579,
  "Day": 0.00000000000273269909338412,
  "Day_Fluctuation": 0.10203409535435579,
  "Week": 0.00000000000273269909338412,
  "Week_Fluctuation": 0.10203409535435577,
  "Duration": "00:10:07.9856267",
  "Updated": "2017-12-14T23:21:12.5947056Z"
}
