{
  "Live": 0.00000000000555559,
  "Minute": 0.00000000000555559,
  "Minute_Fluctuation": 0.0,
  "Minute_5": 0.0000000000057370941517101,
  "Minute_5_Fluctuation": 0.096835238494146783,
  "Minute_10": 0.0000000000058339501842157,
  "Minute_10_Fluctuation": 0.10766288947028541,
  "Hour": 0.0000000000058339501842157,
  "Hour_Fluctuation": 0.10766288947028542,
  "Day": 0.0000000000058339501842157,
  "Day_Fluctuation": 0.10766288947028542,
  "Week": 0.0000000000058339501842157,
  "Week_Fluctuation": 0.10766288947028541,
  "Duration": "00:10:07.9856267",
  "Updated": "2017-12-14T23:21:12.3898625Z"
}
