{
  "Live": 0.00000000000001732,
  "Minute": 0.00000000000001732,
  "Minute_Fluctuation": 0.056741915802318424,
  "Minute_5": 0.00000000000001732,
  "Minute_5_Fluctuation": 0.056741915802318424,
  "Minute_10": 0.00000000000001732,
  "Minute_10_Fluctuation": 0.056741915802318424,
  "Hour": 0.00000000000001732,
  "Hour_Fluctuation": 0.056741915802318424,
  "Day": 0.00000000000001732,
  "Day_Fluctuation": 0.056741915802318424,
  "Week": 0.0000000000000177501396913132,
  "Week_Fluctuation": 0.040916037154563913,
  "Duration": "5.00:01:00.3571865",
  "Updated": "2017-12-14T23:21:26.2625495Z"
}
