{
  "Live": 0.00000000001265,
  "Minute": 0.00000000001265,
  "Minute_Fluctuation": 0.10283687943262415,
  "Minute_5": 0.00000000001265,
  "Minute_5_Fluctuation": 0.10283687943262415,
  "Minute_10": 0.00000000001265,
  "Minute_10_Fluctuation": 0.10283687943262415,
  "Hour": 0.00000000001265,
  "Hour_Fluctuation": 0.10283687943262415,
  "Day": 0.00000000001265,
  "Day_Fluctuation": 0.10283687943262415,
  "Week": 0.0000000000135404330430708,
  "Week_Fluctuation": 0.1008765982888028,
  "Duration": "5.00:01:00.3571865",
  "Updated": "2017-12-14T23:21:26.0006699Z"
}
