{
  "Live": 0.00000000000622,
  "Minute": 0.00000000000622,
  "Minute_Fluctuation": 0.077151335311572727,
  "Minute_5": 0.00000000000622,
  "Minute_5_Fluctuation": 0.077151335311572727,
  "Minute_10": 0.00000000000622,
  "Minute_10_Fluctuation": 0.077151335311572727,
  "Hour": 0.00000000000622,
  "Hour_Fluctuation": 0.077151335311572727,
  "Day": 0.00000000000622,
  "Day_Fluctuation": 0.077151335311572727,
  "Week": 0.00000000000663017286800003,
  "Week_Fluctuation": 0.076800089439251,
  "Duration": "5.00:01:00.3571865",
  "Updated": "2017-12-14T23:21:27.0540991Z"
}
