{
  "Live": 0.00000000456487,
  "Minute": 0.00000000456487,
  "Minute_Fluctuation": 0.38671257832568429,
  "Minute_5": 0.00000000456487,
  "Minute_5_Fluctuation": 0.38671257832568429,
  "Minute_10": 0.00000000456487,
  "Minute_10_Fluctuation": 0.38671257832568429,
  "Hour": 0.00000000456487,
  "Hour_Fluctuation": 0.38671257832568429,
  "Day": 0.00000000456487,
  "Day_Fluctuation": 0.38671257832568429,
  "Week": 0.00000000782264384507716,
  "Week_Fluctuation": 0.660795943800303,
  "Duration": "5.00:01:00.3571865",
  "Updated": "2017-12-14T23:21:25.4791119Z"
}
