{
  "Live": 0.00000000000225255,
  "Minute": 0.00000000000225255,
  "Minute_Fluctuation": 0.16180443405845102,
  "Minute_5": 0.00000000000225255,
  "Minute_5_Fluctuation": 0.16180443405845102,
  "Minute_10": 0.00000000000225255,
  "Minute_10_Fluctuation": 0.16180443405845102,
  "Hour": 0.00000000000225255,
  "Hour_Fluctuation": 0.16180443405845102,
  "Day": 0.00000000000225255,
  "Day_Fluctuation": 0.16180443405845102,
  "Week": 0.00000000000300202258454464,
  "Week_Fluctuation": 0.49151049445951744,
  "Duration": "5.00:01:00.3571865",
  "Updated": "2017-12-14T23:21:26.5351938Z"
}
