{
  "Live": 0.00000000024148,
  "Minute": 0.00000000024148,
  "Minute_Fluctuation": 0.033654808115570957,
  "Minute_5": 0.00000000024148,
  "Minute_5_Fluctuation": 0.033654808115570957,
  "Minute_10": 0.00000000024148,
  "Minute_10_Fluctuation": 0.033654808115570957,
  "Hour": 0.00000000024148,
  "Hour_Fluctuation": 0.033654808115570957,
  "Day": 0.00000000024148,
  "Day_Fluctuation": 0.033654808115570957,
  "Week": 0.00000000026049782620582,
  "Week_Fluctuation": 0.096007882401098879,
  "Duration": "5.00:01:00.3571865",
  "Updated": "2017-12-14T23:21:25.7422959Z"
}
