{
  "Live": 0.00000000000924,
  "Minute": 0.00000000000924,
  "Minute_Fluctuation": 0.022123893805309727,
  "Minute_5": 0.00000000000924,
  "Minute_5_Fluctuation": 0.022123893805309727,
  "Minute_10": 0.00000000000924,
  "Minute_10_Fluctuation": 0.022123893805309727,
  "Hour": 0.00000000000924,
  "Hour_Fluctuation": 0.022123893805309727,
  "Day": 0.00000000000924,
  "Day_Fluctuation": 0.022123893805309727,
  "Week": 0.00000000000912500785763636,
  "Week_Fluctuation": 0.0094294310665031938,
  "Duration": "5.00:01:00.3571865",
  "Updated": "2017-12-14T23:21:28.3865104Z"
}
