{
  "Live": 0.00000000001477,
  "Minute": 0.00000000001477,
  "Minute_Fluctuation": 0.071065989847715574,
  "Minute_5": 0.00000000001477,
  "Minute_5_Fluctuation": 0.071065989847715574,
  "Minute_10": 0.00000000001477,
  "Minute_10_Fluctuation": 0.071065989847715574,
  "Hour": 0.00000000001477,
  "Hour_Fluctuation": 0.071065989847715574,
  "Day": 0.00000000001477,
  "Day_Fluctuation": 0.071065989847715574,
  "Week": 0.0000000000214518866678282,
  "Week_Fluctuation": 0.52136024614656518,
  "Duration": "5.00:01:00.3571865",
  "Updated": "2017-12-14T23:21:28.1231934Z"
}
