{
  "Live": 0.000000000008,
  "Minute": 0.000000000008,
  "Minute_Fluctuation": 0.35587761674718205,
  "Minute_5": 0.000000000008,
  "Minute_5_Fluctuation": 0.35587761674718205,
  "Minute_10": 0.000000000008,
  "Minute_10_Fluctuation": 0.35587761674718205,
  "Hour": 0.000000000008,
  "Hour_Fluctuation": 0.35587761674718205,
  "Day": 0.000000000008,
  "Day_Fluctuation": 0.35587761674718205,
  "Week": 0.00000000000927196699033325,
  "Week_Fluctuation": 0.33628673720314539,
  "Duration": "5.00:01:00.3571865",
  "Updated": "2017-12-14T23:21:25.3397995Z"
}
