{
  "Live": 0.00000000000022,
  "Minute": 0.00000000000022,
  "Minute_Fluctuation": 0.96897038081805353,
  "Minute_5": 0.00000000000022,
  "Minute_5_Fluctuation": 0.96897038081805353,
  "Minute_10": 0.00000000000022,
  "Minute_10_Fluctuation": 0.96897038081805353,
  "Hour": 0.00000000000022,
  "Hour_Fluctuation": 0.96897038081805353,
  "Day": 0.00000000000022,
  "Day_Fluctuation": 0.96897038081805353,
  "Week": 0.0000000000030596472794343,
  "Week_Fluctuation": 1.3904618901903034,
  "Duration": "5.00:01:00.3571865",
  "Updated": "2017-12-14T23:21:27.3165657Z"
}
