{
  "Live": 0.00000000010961,
  "Minute": 0.00000000010961,
  "Minute_Fluctuation": 1.0,
  "Minute_5": 0.00000000010961,
  "Minute_5_Fluctuation": 1.0,
  "Minute_10": 0.00000000010961,
  "Minute_10_Fluctuation": 1.0,
  "Hour": 0.00000000010961,
  "Hour_Fluctuation": 1.0,
  "Day": 0.00000000010961,
  "Day_Fluctuation": 1.0,
  "Week": 0.00000000010961,
  "Week_Fluctuation": 1.0,
  "Duration": "00:01:00.3571865",
  "Updated": "2017-12-08T06:59:32.6372931Z"
}
