{
  "Live": 0.00000000000771,
  "Minute": 0.00000000000771,
  "Minute_Fluctuation": 0.11175115207373265,
  "Minute_5": 0.00000000000771,
  "Minute_5_Fluctuation": 0.11175115207373265,
  "Minute_10": 0.00000000000771,
  "Minute_10_Fluctuation": 0.11175115207373265,
  "Hour": 0.00000000000771,
  "Hour_Fluctuation": 0.11175115207373265,
  "Day": 0.00000000000771,
  "Day_Fluctuation": 0.11175115207373265,
  "Week": 0.00000000000763214509675752,
  "Week_Fluctuation": 0.19192398703895269,
  "Duration": "5.00:01:00.3571865",
  "Updated": "2017-12-14T23:21:25.8835398Z"
}
