{
  "Live": 0.0000002088301,
  "Minute": 0.0000002088301,
  "Minute_Fluctuation": 0.21399727785235304,
  "Minute_5": 0.0000002088301,
  "Minute_5_Fluctuation": 0.21399727785235304,
  "Minute_10": 0.0000002088301,
  "Minute_10_Fluctuation": 0.21399727785235304,
  "Hour": 0.0000002088301,
  "Hour_Fluctuation": 0.21399727785235304,
  "Day": 0.0000002088301,
  "Day_Fluctuation": 0.21399727785235304,
  "Week": 0.000000220912353935351,
  "Week_Fluctuation": 0.21646389826107965,
  "Duration": "5.00:01:00.3571865",
  "Updated": "2017-12-14T23:21:26.6671118Z"
}
