{
  "Live": 0.00000000000016578,
  "Minute": 0.00000000000016578,
  "Minute_Fluctuation": 0.044809982983550808,
  "Minute_5": 0.00000000000016578,
  "Minute_5_Fluctuation": 0.044809982983550808,
  "Minute_10": 0.00000000000016578,
  "Minute_10_Fluctuation": 0.044809982983550808,
  "Hour": 0.00000000000016578,
  "Hour_Fluctuation": 0.044809982983550808,
  "Day": 0.00000000000016578,
  "Day_Fluctuation": 0.044809982983550808,
  "Week": 0.000000000000181588026252921,
  "Week_Fluctuation": 0.20943355274319297,
  "Duration": "5.00:01:00.3571865",
  "Updated": "2017-12-14T23:21:26.3899451Z"
}
