{
  "Live": 0.00000000000014,
  "Minute": 0.00000000000014,
  "Minute_Fluctuation": 0.066666666666666555,
  "Minute_5": 0.00000000000014,
  "Minute_5_Fluctuation": 0.066666666666666555,
  "Minute_10": 0.00000000000014,
  "Minute_10_Fluctuation": 0.066666666666666555,
  "Hour": 0.00000000000014,
  "Hour_Fluctuation": 0.066666666666666555,
  "Day": 0.00000000000014,
  "Day_Fluctuation": 0.066666666666666555,
  "Week": 0.00000000000014,
  "Week_Fluctuation": 0.045733643165475485,
  "Duration": "5.00:01:00.3571865",
  "Updated": "2017-12-14T23:21:25.6010611Z"
}
