{
  "Live": 0.00000000000003365,
  "Minute": 0.00000000000003365,
  "Minute_Fluctuation": 0.0,
  "Minute_5": 0.00000000000003365,
  "Minute_5_Fluctuation": 0.0,
  "Minute_10": 0.00000000000003365,
  "Minute_10_Fluctuation": 0.0,
  "Hour": 0.00000000000003365,
  "Hour_Fluctuation": 0.0,
  "Day": 0.00000000000003365,
  "Day_Fluctuation": 0.0,
  "Week": 0.0000000000000336274882135454,
  "Week_Fluctuation": 0.0012635224872845402,
  "Duration": "5.00:01:00.3571865",
  "Updated": "2017-12-14T23:21:24.2677635Z"
}
