{
  "Live": 0.00000000000087,
  "Minute": 0.00000000000087,
  "Minute_Fluctuation": 0.35937500000000006,
  "Minute_5": 0.00000000000087,
  "Minute_5_Fluctuation": 0.35937500000000006,
  "Minute_10": 0.00000000000087,
  "Minute_10_Fluctuation": 0.35937500000000006,
  "Hour": 0.00000000000087,
  "Hour_Fluctuation": 0.35937500000000006,
  "Day": 0.00000000000087,
  "Day_Fluctuation": 0.35937500000000006,
  "Week": 0.000000000000694988650080807,
  "Week_Fluctuation": 0.097562664949741543,
  "Duration": "5.00:01:00.3571865",
  "Updated": "2017-12-14T23:21:25.2078741Z"
}
