{
  "Live": 0.00000000000021,
  "Minute": 0.00000000000021,
  "Minute_Fluctuation": 0.0,
  "Minute_5": 0.00000000000021,
  "Minute_5_Fluctuation": 0.0,
  "Minute_10": 0.00000000000021,
  "Minute_10_Fluctuation": 0.0,
  "Hour": 0.00000000000021,
  "Hour_Fluctuation": 0.0,
  "Day": 0.00000000000021,
  "Day_Fluctuation": 0.0,
  "Week": 0.000000000000212501309606061,
  "Week_Fluctuation": 0.021098482010949576,
  "Duration": "5.00:01:00.3571865",
  "Updated": "2017-12-14T23:21:25.0905261Z"
}
