{
  "Live": 0.00000000000395,
  "Minute": 0.00000000000395,
  "Minute_Fluctuation": 0.0025380710659898883,
  "Minute_5": 0.00000000000395,
  "Minute_5_Fluctuation": 0.0025380710659898883,
  "Minute_10": 0.00000000000395,
  "Minute_10_Fluctuation": 0.0025380710659898883,
  "Hour": 0.00000000000395,
  "Hour_Fluctuation": 0.0025380710659898883,
  "Day": 0.00000000000395,
  "Day_Fluctuation": 0.0025380710659898883,
  "Week": 0.00000000000381994586961615,
  "Week_Fluctuation": 0.054424978088456089,
  "Duration": "5.00:01:00.3571865",
  "Updated": "2017-12-14T23:21:26.133146Z"
}
