{
  "Live": 0.00000000000982,
  "Minute": 0.00000000000982,
  "Minute_Fluctuation": 0.075329566854990412,
  "Minute_5": 0.00000000000982,
  "Minute_5_Fluctuation": 0.075329566854990412,
  "Minute_10": 0.00000000000982,
  "Minute_10_Fluctuation": 0.075329566854990412,
  "Hour": 0.00000000000982,
  "Hour_Fluctuation": 0.075329566854990412,
  "Day": 0.00000000000982,
  "Day_Fluctuation": 0.075329566854990412,
  "Week": 0.0000000000101649100737171,
  "Week_Fluctuation": 0.047658534128081263,
  "Duration": "5.00:01:00.3571865",
  "Updated": "2017-12-14T23:21:24.3929113Z"
}
