{
  "Live": 0.00000000001465,
  "Minute": 0.00000000001465,
  "Minute_Fluctuation": 0.34946714031971587,
  "Minute_5": 0.00000000001465,
  "Minute_5_Fluctuation": 0.34946714031971587,
  "Minute_10": 0.00000000001465,
  "Minute_10_Fluctuation": 0.34946714031971587,
  "Hour": 0.00000000001465,
  "Hour_Fluctuation": 0.34946714031971587,
  "Day": 0.00000000001465,
  "Day_Fluctuation": 0.34946714031971587,
  "Week": 0.0000000000174209821665755,
  "Week_Fluctuation": 0.57788654342233847,
  "Duration": "5.00:01:00.3571865",
  "Updated": "2017-12-14T23:21:24.9260712Z"
}
