{
  "Live": 0.0000000000003,
  "Minute": 0.0000000000003,
  "Minute_Fluctuation": 0.032258064516129059,
  "Minute_5": 0.0000000000003,
  "Minute_5_Fluctuation": 0.032258064516129059,
  "Minute_10": 0.0000000000003,
  "Minute_10_Fluctuation": 0.032258064516129059,
  "Hour": 0.0000000000003,
  "Hour_Fluctuation": 0.032258064516129059,
  "Day": 0.0000000000003,
  "Day_Fluctuation": 0.032258064516129059,
  "Week": 0.00000000000029749519811111,
  "Week_Fluctuation": 0.057145910326213113,
  "Duration": "5.00:01:00.3571865",
  "Updated": "2017-12-14T23:21:27.8561887Z"
}
