{
  "Live": 0.00000000000392,
  "Minute": 0.00000000000392,
  "Minute_Fluctuation": 2.0606978748630511E-16,
  "Minute_5": 0.00000000000392,
  "Minute_5_Fluctuation": 2.0606978748630511E-16,
  "Minute_10": 0.00000000000392,
  "Minute_10_Fluctuation": 2.0606978748630511E-16,
  "Hour": 0.00000000000392,
  "Hour_Fluctuation": 2.0606978748630511E-16,
  "Day": 0.00000000000392,
  "Day_Fluctuation": 2.0606978748630511E-16,
  "Week": 0.0000000000041176034588788,
  "Week_Fluctuation": 0.080613879202193664,
  "Duration": "5.00:01:00.3571865",
  "Updated": "2017-12-14T23:21:27.4468471Z"
}
