{
  "Live": 0.00000000000002179,
  "Minute": 0.00000000000002179,
  "Minute_Fluctuation": 0.22812610697839175,
  "Minute_5": 0.00000000000002179,
  "Minute_5_Fluctuation": 0.22812610697839175,
  "Minute_10": 0.00000000000002179,
  "Minute_10_Fluctuation": 0.22812610697839175,
  "Hour": 0.00000000000002179,
  "Hour_Fluctuation": 0.22812610697839175,
  "Day": 0.00000000000002179,
  "Day_Fluctuation": 0.22812610697839175,
  "Week": 0.0000000000000297199022160808,
  "Week_Fluctuation": 0.21705104159251332,
  "Duration": "5.00:01:00.3571865",
  "Updated": "2017-12-14T23:21:24.1271155Z"
}
