{
  "Live": 0.00000000000167,
  "Minute": 0.00000000000167,
  "Minute_Fluctuation": 1.2092718068058624E-16,
  "Minute_5": 0.00000000000167,
  "Minute_5_Fluctuation": 1.2092718068058624E-16,
  "Minute_10": 0.00000000000167,
  "Minute_10_Fluctuation": 1.2092718068058624E-16,
  "Hour": 0.00000000000167,
  "Hour_Fluctuation": 1.2092718068058624E-16,
  "Day": 0.00000000000167,
  "Day_Fluctuation": 1.2092718068058624E-16,
  "Week": 0.00000000000167,
  "Week_Fluctuation": 0.00011398927320634506,
  "Duration": "5.00:01:00.3571865",
  "Updated": "2017-12-14T23:21:27.1816486Z"
}
