{
  "Live": 0.00000000001639,
  "Minute": 0.00000000001639,
  "Minute_Fluctuation": 0.0,
  "Minute_5": 0.00000000001639,
  "Minute_5_Fluctuation": 0.0,
  "Minute_10": 0.00000000001639,
  "Minute_10_Fluctuation": 0.0,
  "Hour": 0.00000000001639,
  "Hour_Fluctuation": 0.0,
  "Day": 0.00000000001639,
  "Day_Fluctuation": 0.0,
  "Week": 0.0000000000159622743112222,
  "Week_Fluctuation": 0.052303874401550696,
  "Duration": "5.00:01:00.3571865",
  "Updated": "2017-12-14T23:21:23.9881723Z"
}
