{
  "Live": 0.00000000000001664,
  "Minute": 0.00000000000001664,
  "Minute_Fluctuation": 0.138270326255826,
  "Minute_5": 0.00000000000001664,
  "Minute_5_Fluctuation": 0.138270326255826,
  "Minute_10": 0.00000000000001664,
  "Minute_10_Fluctuation": 0.138270326255826,
  "Hour": 0.00000000000001664,
  "Hour_Fluctuation": 0.138270326255826,
  "Day": 0.00000000000001664,
  "Day_Fluctuation": 0.138270326255826,
  "Week": 0.0000000000000184378496648182,
  "Week_Fluctuation": 0.074642362361344916,
  "Duration": "5.00:01:00.3571865",
  "Updated": "2017-12-14T23:21:27.5778956Z"
}
