{
  "Live": 0.00000000000603,
  "Minute": 0.00000000000603,
  "Minute_Fluctuation": 0.0033277870216306691,
  "Minute_5": 0.00000000000603,
  "Minute_5_Fluctuation": 0.0033277870216306691,
  "Minute_10": 0.00000000000603,
  "Minute_10_Fluctuation": 0.0033277870216306691,
  "Hour": 0.00000000000603,
  "Hour_Fluctuation": 0.0033277870216306691,
  "Day": 0.00000000000603,
  "Day_Fluctuation": 0.0033277870216306691,
  "Week": 0.00000000000596997730016162,
  "Week_Fluctuation": 0.014049642725888392,
  "Duration": "5.00:01:00.3571865",
  "Updated": "2017-12-14T23:21:27.7111144Z"
}
