{
  "Live": 0.00000000000066,
  "Minute": 0.00000000000066,
  "Minute_Fluctuation": 0.346938775510204,
  "Minute_5": 0.00000000000066,
  "Minute_5_Fluctuation": 0.346938775510204,
  "Minute_10": 0.00000000000066,
  "Minute_10_Fluctuation": 0.346938775510204,
  "Hour": 0.00000000000066,
  "Hour_Fluctuation": 0.346938775510204,
  "Day": 0.00000000000066,
  "Day_Fluctuation": 0.346938775510204,
  "Week": 0.000000000000540019207555558,
  "Week_Fluctuation": 0.19902007035664143,
  "Duration": "5.00:01:00.3571865",
  "Updated": "2017-12-14T23:21:26.9240624Z"
}
