{
  "Live": 0.00000000000499,
  "Minute": 0.00000000000499,
  "Minute_Fluctuation": 0.23209876543209867,
  "Minute_5": 0.00000000000499,
  "Minute_5_Fluctuation": 0.23209876543209867,
  "Minute_10": 0.00000000000499,
  "Minute_10_Fluctuation": 0.23209876543209867,
  "Hour": 0.00000000000499,
  "Hour_Fluctuation": 0.23209876543209867,
  "Day": 0.00000000000499,
  "Day_Fluctuation": 0.23209876543209867,
  "Week": 0.00000000000410492928127272,
  "Week_Fluctuation": 0.10317909229892241,
  "Duration": "5.00:01:00.3571865",
  "Updated": "2017-12-14T23:21:24.7921799Z"
}
