{
  "Live": 0.00000042423,
  "Minute": 0.00000042423,
  "Minute_Fluctuation": 0.12603778249315017,
  "Minute_5": 0.00000042423,
  "Minute_5_Fluctuation": 0.12603778249315017,
  "Minute_10": 0.00000042423,
  "Minute_10_Fluctuation": 0.12603778249315017,
  "Hour": 0.00000042423,
  "Hour_Fluctuation": 0.12603778249315017,
  "Day": 0.00000042423,
  "Day_Fluctuation": 0.12603778249315017,
  "Week": 0.00000042001287665407,
  "Week_Fluctuation": 0.078971972256876535,
  "Duration": "5.00:01:00.3571865",
  "Updated": "2017-12-14T23:21:24.6644759Z"
}
