{
  "Live": 0.00000000000003153,
  "Minute": 0.00000000000003153,
  "Minute_Fluctuation": 0.0,
  "Minute_5": 0.00000000000003153,
  "Minute_5_Fluctuation": 0.0,
  "Minute_10": 0.00000000000003153,
  "Minute_10_Fluctuation": 0.0,
  "Hour": 0.00000000000003153,
  "Hour_Fluctuation": 0.0,
  "Day": 0.00000000000003153,
  "Day_Fluctuation": 0.0,
  "Week": 0.0000000000000313348978507273,
  "Week_Fluctuation": 0.011576582698848993,
  "Duration": "5.00:01:00.3571865",
  "Updated": "2017-12-14T23:21:24.5343893Z"
}
