{
  "Live": 0.0000000000002,
  "Minute": 0.0000000000002,
  "Minute_Fluctuation": 0.047619047619047658,
  "Minute_5": 0.0000000000002,
  "Minute_5_Fluctuation": 0.047619047619047658,
  "Minute_10": 0.0000000000002,
  "Minute_10_Fluctuation": 0.047619047619047658,
  "Hour": 0.0000000000002,
  "Hour_Fluctuation": 0.047619047619047658,
  "Day": 0.0000000000002,
  "Day_Fluctuation": 0.047619047619047658,
  "Week": 0.000000000000189996507717171,
  "Week_Fluctuation": 0.082602719295844368,
  "Duration": "5.00:01:00.3571865",
  "Updated": "2017-12-14T23:21:27.9938811Z"
}
