{
  "Live": 0.00000000001057,
  "Minute": 0.00000000001057,
  "Minute_Fluctuation": 0.0,
  "Minute_5": 0.00000000001057,
  "Minute_5_Fluctuation": 0.0,
  "Minute_10": 0.00000000001057,
  "Minute_10_Fluctuation": 0.0,
  "Hour": 0.00000000001057,
  "Hour_Fluctuation": 0.0,
  "Day": 0.00000000001057,
  "Day_Fluctuation": 0.0,
  "Week": 0.00000000000925232669546463,
  "Week_Fluctuation": 0.15258064122814211,
  "Duration": "5.00:01:00.3571865",
  "Updated": "2017-12-14T23:21:26.7881291Z"
}
