{
  "Live": 0.00000000007011,
  "Minute": 0.00000000007011,
  "Minute_Fluctuation": 0.081610614008022248,
  "Minute_5": 0.00000000007011,
  "Minute_5_Fluctuation": 0.081610614008022248,
  "Minute_10": 0.00000000007011,
  "Minute_10_Fluctuation": 0.081610614008022248,
  "Hour": 0.00000000007011,
  "Hour_Fluctuation": 0.081610614008022248,
  "Day": 0.00000000007011,
  "Day_Fluctuation": 0.081610614008022248,
  "Week": 0.0000000000738609079175954,
  "Week_Fluctuation": 0.36049488769018623,
  "Duration": "5.00:01:00.3571865",
  "Updated": "2017-12-14T23:21:28.2564128Z"
}
